Policies:,ngps - processing methane capture,ngps - T&D methane capture,,Unit: g CO2e,,,,,,,,,,,,,,,,,,,,,,,,,,,,,,,,,
Lower Bound,Upper Bound,2015,2016,2017,2018,2019,2020,2021,2022,2023,2024,2025,2026,2027,2028,2029,2030,2031,2032,2033,2034,2035,2036,2037,2038,2039,2040,2041,2042,2043,2044,2045,2046,2047,2048,2049,2050
-1150,-1100,0,0,0,0,0,0,0,0,0,0,0,0,0,0,0,0,0,0,0,0,0,0,0,0,0,0,0,0,0,0,0,0,0,0,0,0
-1100,-1050,0,0,0,0,0,0,0,0,0,0,0,0,0,0,0,0,0,0,0,0,0,0,0,0,0,0,0,0,0,0,0,0,0,0,0,0
-1050,-1000,0,0,0,0,0,0,0,0,0,0,0,0,0,0,0,0,0,0,0,0,0,0,0,0,0,0,0,0,0,0,0,0,0,0,0,0
-1000,-950,0,0,0,0,0,0,0,0,0,0,0,0,0,0,0,0,0,0,0,0,0,0,0,0,0,0,0,0,0,0,0,0,0,0,0,0
-950,-900,0,0,0,0,0,0,0,0,0,0,0,0,0,0,0,0,0,0,0,0,0,0,0,0,0,0,0,0,0,0,0,0,0,0,0,0
-900,-850,0,0,0,0,0,0,0,0,0,0,0,0,0,0,0,0,0,0,0,0,0,0,0,0,0,0,0,0,0,0,0,0,0,0,0,0
-850,-800,0,0,0,0,0,0,0,0,0,0,0,0,0,0,0,0,0,0,0,0,0,0,0,0,0,0,0,0,0,0,0,0,0,0,0,0
-800,-750,0,0,0,0,0,0,0,0,0,0,0,0,0,0,0,0,0,0,0,0,0,0,0,0,0,0,0,0,0,0,0,0,0,0,0,0
-750,-700,0,0,0,0,0,0,0,0,0,0,0,0,0,0,0,0,0,0,0,0,0,0,0,0,0,0,0,0,0,0,0,0,0,0,0,0
-700,-650,0,0,0,0,0,0,0,0,0,0,0,0,0,0,0,0,0,0,0,0,0,0,0,0,0,0,0,0,0,0,0,0,0,0,0,0
-650,-600,0,0,0,0,0,0,0,0,0,0,0,0,0,0,0,0,0,0,0,0,0,0,0,0,0,0,0,0,0,0,0,0,0,0,0,0
-600,-550,0,0,0,0,0,0,0,0,0,0,0,0,0,0,0,0,0,0,0,0,0,0,0,0,0,0,0,0,0,0,0,0,0,0,0,0
-550,-500,0,0,0,0,0,0,0,0,0,0,0,0,0,0,0,0,0,0,0,0,0,0,0,0,0,0,0,0,0,0,0,0,0,0,0,0
-500,-450,0,0,0,0,0,0,0,0,0,0,0,0,0,0,0,0,0,0,0,0,0,0,0,0,0,0,0,0,0,0,0,0,0,0,0,0
-450,-400,0,0,0,0,0,0,0,0,0,0,0,0,0,0,0,0,0,0,0,0,0,0,0,0,0,0,0,0,0,0,0,0,0,0,0,0
-400,-350,0,0,0,0,0,0,0,0,0,0,0,0,0,0,0,0,0,0,0,0,0,0,0,0,0,0,0,0,0,0,0,0,0,0,0,0
-350,-300,0,0,0,0,0,0,0,0,0,0,0,0,0,0,0,0,0,0,0,0,0,0,0,0,0,0,0,0,0,0,0,0,0,0,0,0
-300,-250,0,0,0,0,0,0,0,0,0,0,0,0,0,0,0,0,0,0,0,0,0,0,0,0,0,0,0,0,0,0,0,0,0,0,0,0
-250,-200,0,0,0,0,0,0,0,0,0,0,0,0,0,0,0,0,0,0,0,0,0,0,0,0,0,0,0,0,0,0,0,0,0,0,0,0
-200,-150,0,0,0,0,0,0,0,0,0,0,0,0,0,0,0,0,0,0,0,0,0,0,0,0,0,0,0,0,0,0,0,0,0,0,0,0
-150,-100,0,0,0,0,0,0,0,0,0,0,0,0,0,0,0,0,0,0,0,0,0,0,0,0,0,0,0,0,0,0,0,0,0,0,0,0
-100,-90,0,0,0,0,0,0,0,0,0,0,0,0,0,0,0,0,0,0,0,0,0,0,0,0,0,0,0,0,0,0,0,0,0,0,0,0
-90,-80,0,0,0,0,0,0,0,0,0,0,0,0,0,0,0,0,0,0,0,0,0,0,0,0,0,0,0,0,0,0,0,0,0,0,0,0
-80,-70,0,0,0,0,0,0,0,0,0,0,0,0,0,0,0,0,0,0,0,0,0,0,0,0,0,0,0,0,0,0,0,0,0,0,0,0
-70,-60,0,0,0,0,0,0,0,0,0,0,0,0,0,0,0,0,0,0,0,0,0,0,0,0,0,0,0,0,0,0,0,0,0,0,0,0
-60,-50,0,0,0,0,0,0,0,0,0,0,0,0,0,0,0,0,0,0,0,0,0,0,0,0,0,0,0,0,0,0,0,0,0,0,0,0
-50,-40,0,0,0,0,0,0,0,0,0,0,0,0,0,0,0,0,0,0,0,0,0,0,0,0,0,0,0,0,0,0,0,0,0,0,0,0
-40,-30,0,0,0,0,0,0,0,0,0,0,0,0,0,0,0,0,0,0,0,0,0,0,0,0,0,0,0,0,0,0,0,0,0,0,0,0
-30,-20,0,0,0,0,0,0,0,0,0,0,0,0,0,0,0,0,0,0,0,0,0,0,0,0,0,0,0,0,0,0,0,0,0,0,0,0
-20,-10,0,0,0,0,0,0,0,0,0,0,0,0,0,0,0,0,0,0,0,0,0,0,0,0,0,0,0,0,0,0,0,27647078997,55008457846,82127005784,1.09803E+11,1.37077E+11
-10,0,1.54214E+11,1.47648E+11,1.31637E+11,1.24849E+11,1.14979E+11,1.04516E+11,1.18632E+11,1.34245E+11,1.58368E+11,1.68629E+11,1.76421E+11,1.79408E+11,1.84278E+11,1.87503E+11,1.9136E+11,1.9402E+11,1.9498E+11,1.93823E+11,1.9343E+11,1.94945E+11,1.97332E+11,1.99449E+11,2.00323E+11,2.02599E+11,2.06268E+11,2.07845E+11,2.11353E+11,2.14864E+11,2.18374E+11,2.21851E+11,2.25064E+11,1.98703E+11,1.73042E+11,1.47714E+11,1.23533E+11,98818931778
0,0,0,0,0,0,0,62281321610,0,0,0,0,0,0,0,0,0,0,0,0,0,0,0,0,0,0,0,0,0,0,0,0,0,0,0,0,0,0
0.1,10,21831698810,22612179031,21964232916,22888391694,23398560649,23911619065,24044736806,24559093929,26524943302,26148196657,25555393729,26037304572,26792698182,27309188287,27917699915,28351513323,28548691599,28434251758,28430002166,28705104241,29108283122,29629121044,29962028954,30501659790,31250988686,31682563370,32420714354,33159465978,33898087864,34631451346,35323535812,35710050514,36159776597,36622030773,37355452332,37939471651
10,20,0,0,0,0,0,0,0,0,0,0,0,0,0,0,0,0,0,0,0,0,0,0,0,0,0,0,0,0,0,0,0,0,0,0,0,0
20,30,6802915965,6999779324,6754006052,6990893719,7098172450,7204000465,7127886420,7168084715,7626984253,7411227144,7143473114,7176413569,7284223240,7326458961,7393320840,7414128688,7373663009,7255282816,7168097407,7153135970,7170628067,7215498394,7215886921,7267225685,7368577932,7395301490,7488838996,7582498526,7676111682,7768529912,7851779601,7868238596,7899466080,7934088381,8027585988,8088884555
30,40,0,0,0,0,0,0,0,0,0,0,0,0,0,0,0,0,0,0,0,0,0,0,0,0,0,0,0,0,0,0,0,0,0,0,0,0
40,50,0,0,0,0,0,0,0,0,0,0,0,0,0,0,0,0,0,0,0,0,0,0,0,0,0,0,0,0,0,0,0,0,0,0,0,0
50,60,0,0,0,0,0,0,0,0,0,0,0,0,0,0,0,0,0,0,0,0,0,0,0,0,0,0,0,0,0,0,0,0,0,0,0,0
60,70,0,0,0,0,0,0,0,0,0,0,0,0,0,0,0,0,0,0,0,0,0,0,0,0,0,0,0,0,0,0,0,0,0,0,0,0
70,80,0,0,0,0,0,0,0,0,0,0,0,0,0,0,0,0,0,0,0,0,0,0,0,0,0,0,0,0,0,0,0,0,0,0,0,0
80,90,0,0,0,0,0,0,0,0,0,0,0,0,0,0,0,0,0,0,0,0,0,0,0,0,0,0,0,0,0,0,0,0,0,0,0,0
90,100,0,0,0,0,0,0,0,0,0,0,0,0,0,0,0,0,0,0,0,0,0,0,0,0,0,0,0,0,0,0,0,0,0,0,0,0
100,150,0,0,0,0,0,0,0,0,0,0,0,0,0,0,0,0,0,0,0,0,0,268185703.4,530542285.6,792817071.8,1060376885,1316211151,1357571991,1398960253,1440345310,1481507502,1520891428,1548648400,1579012141,1609817665,1652522669,1688633315
150,200,0,338226832.5,658415414.6,1031289549,1408591874,1803054388,1830099542,1885679253,2053430386,2039985337,2008332165,1815703330,1640994607,1450243775,1264241078,1070804080,1090582308,1098111941,1109484540,1131518946,1158529948,922325976.3,684226813.8,454433731.7,227923490.5,0,0,0,0,0,0,0,0,0,0,0
200,250,1561251422,1296296103,946296893.7,658757424.9,337412643.8,0,0,0,0,0,0,245476853.9,494757987.8,741128875.1,990144723.4,1232456814,1242322031,1238590756,1239616067,1252796606,1271559332,1295492026,1311189570,1335917190,1369828474,1389807443,1423309788,1456838740,1490362230,1523654588,1555129525,1574180199,1595992752,1618338992,1652664469,1680382876
250,300,0,0,0,0,0,0,0,0,0,0,0,0,0,0,0,0,0,0,0,0,0,0,0,0,0,0,0,0,0,0,0,0,0,0,0,0
300,350,0,0,0,0,0,0,0,0,0,0,0,0,0,0,0,0,0,0,0,0,0,0,0,0,0,0,0,0,0,0,0,0,0,0,0,0
350,400,0,0,0,0,0,0,0,0,0,0,0,0,0,0,0,0,0,0,0,0,0,0,0,0,0,0,0,0,0,0,0,0,0,0,0,0
400,450,0,24873790.92,48421017.46,75842831.38,103590302.1,132599763.1,133687348.7,136884692.2,148187071.3,146405260,143385957.9,146397516.9,150948298.3,154154994.8,157881319.7,160619047.6,127354248.3,93659996.99,61478875.69,30570817.88,0,0,0,0,0,0,0,0,0,0,0,0,0,0,0,0
450,500,119320235.4,99070754.4,72321707.16,50346209.41,25787106.12,0,0,0,0,0,0,0,0,0,0,0,34661771.38,67976717.34,100395554.7,133126451.8,166248860.6,169478976.3,171630198.4,174962018.6,179496540.1,182205075.5,186692925.9,191184286.6,195674950.8,200135274,204356764.6,206950803.5,209906839.3,212932209.9,217533577.7,221265403.9
500,550,0,0,0,0,0,0,0,0,0,0,0,0,0,0,0,0,0,0,0,0,0,0,0,0,0,0,0,0,0,0,0,0,0,0,0,0
550,600,0,0,0,0,0,0,0,0,0,0,0,0,0,0,0,0,0,0,0,0,0,0,0,0,0,0,0,0,0,0,0,0,0,0,0,0
600,650,0,0,0,0,0,0,0,0,0,0,0,0,0,0,0,0,0,0,0,0,0,329300837.5,651444192.5,973487111.6,1302019429,1616154138,1666940444,1717760420,1768576460,1819118849,1867477735,1901560048,1938843171,1976668752,2029105511,2073445165
650,700,0,0,0,0,0,0,0,0,0,0,0,261882243.2,527823009.1,790659034.6,1056316786,1314822762,1339108135,1348353658,1362317895,1389373591,1422539967,1132508975,840150909.4,557991743.8,279863524.7,0,0,0,0,0,0,0,0,0,0,0
700,750,48980900737,50176491945,48196935725,49657978351,50182934254,50686190713,39872379458,30005513841,21439712677,10878611717,1109834643,885523645.4,669289013.4,445586574.9,223238095.3,0,0,0,0,0,0,0,0,0,0,0,0,0,0,0,0,0,0,0,0,0
750,800,0,178934269.9,348325650.5,545589600.6,745196223.8,953881210.5,11501584679,21932601614,34108637319,43369045034,51432908041,41037695588,31016764980,20649754879,10345491108,0,0,0,0,0,0,0,0,0,0,0,0,0,0,0,0,0,0,0,0,0
800,850,0,0,0,0,0,0,0,0,0,0,0,10632382540,21429540537,32100646505,42886314136,53381620733,42326089496,31127830175,20432458504,10160188533,0,0,0,0,0,0,0,0,0,0,0,0,0,0,0,0
850,900,0,0,0,0,0,0,0,0,0,0,0,0,0,0,0,0,10764179741,21110104142,31177742876,41342291479,51628423644,41102292038,30491703629,20251265205,10157122438,0,0,0,0,0,0,0,0,0,0,0
900,950,776486524,644711313.4,470639626.2,327632215.9,167811774.1,0,0,0,0,0,0,0,0,0,0,0,0,0,0,0,0,10849196797,21462582057,32072658342,42896535353,53246066518,42601189684,31954579248,21305322675,10652130673,0,0,0,0,0,0
950,1000,0,0,0,0,0,0,0,0,0,0,0,0,0,0,0,0,0,0,0,0,0,0,0,0,0,0,11318345684,22639303537,33962573637,45281175713,56532703092,44904776200,33504567819,22231973795,11146467148,0
1000,1050,0,0,0,0,0,0,0,0,0,0,0,0,0,0,0,0,0,0,0,0,0,0,0,0,0,0,0,0,0,0,0,11746430925,23371476258,34893349878,46652037486,58239852961
1050,1100,0,0,0,0,0,0,0,0,0,0,0,0,0,0,0,0,0,0,0,0,0,0,0,0,0,0,0,0,0,0,0,0,0,0,0,0
1100,1150,0,0,0,0,0,0,0,0,0,0,0,0,0,0,0,0,0,0,0,0,0,0,0,0,0,0,0,0,0,0,0,0,0,0,0,0
1150,1200,0,0,0,0,0,0,0,0,0,0,0,0,0,0,0,0,0,0,0,0,0,0,0,0,0,0,0,0,0,0,0,0,0,0,0,0
1200,1250,0,0,0,0,0,0,0,0,0,0,0,0,0,0,0,0,0,0,0,0,0,0,0,0,0,0,0,0,0,0,0,0,0,0,0,0
1250,1300,0,0,0,0,0,0,0,0,0,0,0,0,0,0,0,0,0,0,0,0,0,0,0,0,0,0,0,0,0,0,0,0,0,0,0,0
1300,1350,0,0,0,0,0,0,0,0,0,0,0,0,0,0,0,0,0,0,0,0,0,0,0,0,0,0,0,0,0,0,0,0,0,0,0,0
1350,1400,0,0,0,0,0,0,0,0,0,0,0,0,0,0,0,0,0,0,0,0,0,0,0,0,0,0,0,0,0,0,0,0,0,0,0,0
1400,1450,0,0,0,0,0,0,0,0,0,0,0,0,0,0,0,0,0,0,0,0,0,0,0,0,0,0,0,0,0,0,0,0,0,0,0,0
1450,1500,0,0,0,0,0,0,0,0,0,0,0,0,0,0,0,0,0,0,0,0,0,0,0,0,0,0,0,0,0,0,0,0,0,0,0,0
1500,1550,44361975461,36833437006,26888430002,18718177166,9587367679,0,0,0,0,0,0,0,0,0,0,0,0,0,0,0,0,0,0,0,0,0,0,0,0,0,0,0,0,0,0,0
1550,1600,41547363308,51177146841,57654168309,68391686778,78447981910,88922991704,88418150642,89343579400,95506832942,93226061433,90254483176,90675656402,92042844838,92581477608,93431304234,93699123289,93192555470,91701122862,90603802298,90419285614,90644968530,91216844067,91226317240,91879858468,93165719421,93507984206,94695355134,95884270032,97072599522,98245818152,99303079909,99515869546,99915391478,1.00358E+11,1.01545E+11,1.02325E+11
